-2.990945122349382590e+00	9.130095804191511455e-01	-2.680621470283701235e+00
-3.147906904223188640e+00	-2.215504238235568302e+00	-2.261077128560913252e-01
-3.256696434742951229e+00	6.831004507654592217e-02	1.655320709105520649e+00
-2.754285153515317219e+00	1.186032517293689637e+00	2.277224412476123838e+00
-2.971990883217233925e+00	-1.973242486345454738e+00	-5.035811695842986602e-01
-3.330448388187358777e+00	-3.171396067084442105e+00	-3.048980906286811177e-01
-3.316274205225354876e+00	-1.175648950718391816e+00	1.989551175341899736e+00
-3.376546797935401578e+00	-1.879950812937150717e+00	1.650921976640495004e+00
-3.822672275588355539e+00	-1.766933861949004037e+00	-1.016734179465461185e+00
-2.769835377093156303e+00	5.883149953234800833e-02	2.191374883785973893e+00
2.875051146527839219e+00	3.233071407866248137e-01	-3.960952228817759213e+00
-2.689907606199908763e+00	1.504238727136815612e+00	-2.824470163467549533e+00
8.965355493086227812e-01	3.633699840813176429e+00	-3.539085710584570776e+00
-3.785287073708241135e+00	-2.781890687467614143e+00	3.714874294239214336e-01
-3.905484347968843029e+00	-2.386277085143886367e+00	6.732850864763726406e-01
-2.999371369363181383e+00	-8.461504974726996586e-01	1.849784519912437197e+00
-2.260275101527977171e+00	2.228238133325186165e+00	-3.016885453797300443e+00
3.010360394912250381e+00	-5.412748464027172801e-02	-4.000000000000000000e+00
-3.923978940787034464e+00	-2.565058826800995728e+00	4.132126705040031212e-01
-3.119026171706190453e+00	-2.031383257617971339e+00	-2.188228446239204317e-01
-3.276008947056858744e+00	-2.051887133928143925e+00	6.214454983012149825e-01
-3.304003406749275840e+00	-3.127295880290611230e+00	9.594209892473770651e-02
-3.165075854295757996e+00	-1.318848464834003753e+00	-1.739715467419689077e-01
-3.127721217964945399e+00	-1.100650684074720331e+00	-1.265458161237048795e+00
1.245705682214816923e+00	2.676311401710745663e+00	-3.622429381940522219e+00
-3.171021780054390504e+00	-1.869251460315535018e+00	1.348405457910470062e+00
2.894039168468299228e-01	3.408901960493728289e+00	-3.376603700068363967e+00
2.993884442836410642e+00	-1.259100487291395787e-01	-3.950242776922643362e+00
3.005685830209179343e+00	-1.300151146520294176e-01	-3.964506012824249748e+00
1.331862561704375114e+00	3.025524659022187812e+00	-3.806559102845624043e+00
-3.431324168593616442e+00	-1.055319390270632152e+00	1.426077145159570847e+00
3.035675745512734558e+00	-1.072464619005903064e+00	3.913168368513969320e+00
-3.356891495605952347e+00	-1.732239628260248798e+00	1.722269687450364017e+00
-3.352011373292808738e+00	-3.175891998157163165e-01	1.461211154293457604e+00
-3.082766392785875276e+00	-1.577774201850396407e+00	7.170550128389789890e-01
-2.729421823312642825e+00	1.776902464178076180e+00	-2.437412737045201894e+00
-3.603797434795692922e+00	-3.351806002123439043e+00	6.324333063247733477e-01
2.717219921596085275e+00	7.909498640212277998e-01	-3.736419843283350861e+00
-3.758860858761146506e+00	-2.401769909154562566e+00	1.424395789579486760e-01
-3.771124194836602772e+00	-2.483135503513246078e+00	2.268137461070196537e-02
-2.799718648887743466e+00	-7.336924222051064426e-01	-1.554380513191227831e+00
-2.672616418237786284e+00	6.517762417273296194e-01	2.215814335409032054e+00
-3.332896763503201853e+00	-3.153122649389070276e+00	-2.727817871182995901e-01
-3.731498042838424123e+00	-1.756767856632117653e+00	-1.928848918081454311e+00
-2.938228896624187847e+00	3.382101866169562321e-01	1.503416063046230100e+00
-3.226039497880954787e+00	-1.631471388080887541e+00	1.001672803497263509e+00
-1.170850860862706178e+00	3.306851338084363157e+00	-3.363309319228861227e+00
-3.522533474331077219e+00	-1.256620098764079430e+00	7.638844980707135690e-01
-3.749879503676688319e+00	-2.408382650173811257e+00	8.754248252956502441e-01
3.293494103908147785e+00	-1.766166723892140578e+00	-3.867456021293685264e+00
-3.157754349503467672e+00	-1.375154834561039374e+00	1.594716844667116717e-01
3.471715650214967308e+00	-2.343199755885491342e+00	3.937463684091623506e+00
2.988670639722172062e+00	-6.338910296044231174e-02	-3.797996893430023224e+00
1.505278614581987862e+00	2.858049941667297755e+00	-3.479967373316636081e+00
-3.329967813470621874e+00	-9.368787488471737035e-01	7.179016895637433393e-01
-3.910477845120765572e+00	-2.389804759135158996e+00	-4.836204728365989247e-01
7.380609792672190306e-01	3.744501951744020118e+00	-3.524632299904068233e+00
-3.582748279099261968e+00	-3.237979780335824120e+00	7.366159424454332694e-01
-3.318679690241350677e+00	-3.126609375785127654e+00	-2.898528132891482478e-01
1.428483911234363246e+00	3.406186499097861642e+00	3.648339397552426533e+00
9.284908801371976050e-01	3.554012537083103052e+00	-3.495561565250791425e+00
-3.457117740507637649e+00	-6.746200741951797752e-01	1.922595628770823240e+00
2.264672174359918522e-01	3.104627077741611174e+00	-3.379270825962865210e+00
-2.373909574889111695e+00	2.121756513075957695e+00	-2.137281056160087900e+00
-3.882485048559520813e+00	-2.089535419212236622e+00	9.557563140448106509e-01
9.102560911329252713e-01	3.380622404138447834e+00	3.560082197381651881e+00
3.449810563314786638e+00	-2.306511926318340233e+00	3.971266254194040890e+00
-3.478708134367765048e+00	-1.392073873071610901e+00	-2.039041656661169100e-01
-3.210288777750179179e+00	-1.236589572632791345e+00	1.331387412963014327e-01
-3.524937924649515164e+00	-1.508980405587028173e+00	3.016733607552168905e-03
1.858420000396737715e+00	2.453957689580038348e+00	-3.552172030170030137e+00
-3.282464194955120096e+00	-2.164861363760770097e+00	-1.125983217364949773e-01
-2.940903631943124541e+00	3.381316602415598283e-01	1.506770035801257457e+00
-5.952773805658125861e-01	3.550049238267524387e+00	-3.470209472490650260e+00
-1.543091541218173379e+00	2.172980505549113595e+00	2.796890693002016093e+00
6.186423521753727783e-01	3.052681826613002247e+00	-3.500369657725937778e+00
-3.279696585187179547e+00	-3.026269174825081620e+00	2.595002679603366502e-01
-3.760607878686000216e+00	-2.471592120946783488e+00	8.336373078322951713e-01
5.272017427683487606e-02	3.703983265409919845e+00	3.381390522082751815e+00
-3.311946785746462840e+00	-1.333881506449756671e-01	1.540290854127861486e+00
3.335004214886077900e+00	-2.627425522398836755e+00	-3.920330050573252123e+00
-3.099816689889019372e+00	-1.649352937801215502e+00	1.262329868757097628e+00
-3.524552990362801008e+00	-1.210939902599345697e+00	8.549727368250650272e-01
-2.189549274418784996e+00	1.128079054090482813e+00	2.348133751285784498e+00
-3.484621183714027737e+00	-1.352554200317001687e+00	-3.740919037096737121e-01
2.767356198472021411e+00	1.326823153110128217e-01	3.867152424630990737e+00
3.349937173902389098e+00	-1.655752605451428439e+00	3.983468131953049607e+00
-2.900681235450349948e+00	1.472802490048594315e+00	2.443745364797889508e+00
2.506745626925273585e-01	3.097957471172370969e+00	-3.372804818974296293e+00
-2.679864559758001974e+00	1.328641808768665555e+00	2.424659880815069890e+00
2.848498055466729628e+00	4.209756685717862545e-01	3.943185641580286394e+00
1.632611506724930939e+00	2.750258420734585485e+00	-3.856189323992275320e+00
-3.472067434693116628e+00	-1.321898002430161423e+00	-3.370811818044527897e-01
-2.907843173154486927e+00	-1.382403139755372656e+00	1.076786727642141450e+00
-2.864727869716160669e+00	1.150355234140576499e+00	-2.734503599898409298e+00
-3.223116271534819166e+00	-2.341190443447879410e+00	1.025532778032477665e+00
9.129610479086510688e-01	3.641730105564021880e+00	-3.540091485338025201e+00
-1.735546196308676681e+00	2.880236334759707084e+00	-2.484957176036706628e+00
2.384627841658858216e+00	2.012568597579048824e+00	3.828288249923573972e+00
2.931124737966939175e+00	-9.476708972819540833e-01	3.985904680904321928e+00
-3.068117707181577281e+00	-7.463444345508394306e-01	1.595991064433608386e+00
-3.342773315469937945e+00	-3.170428091662466752e+00	-3.493264612473825359e-01
-5.675460168732866517e-01	3.671342997787277795e+00	-3.179435378399478651e+00
-2.637707186848897045e+00	6.651509031267437422e-01	-2.129277748443327845e+00
-3.750944981135722500e+00	-2.351617178707265055e+00	2.650242255717722983e-01
-3.146891029235913351e+00	-2.170414091973278836e+00	6.951423566963867984e-01
-1.193445784711837099e-01	3.683248041513238480e+00	3.341301900573156125e+00
-2.747333335363901341e+00	1.165352693224104286e+00	2.375972416333712367e+00
-3.450981934813698082e+00	-7.980158185622627798e-01	1.174059635392591616e+00
1.100818079695468910e-02	3.236974689915012249e+00	-3.386109661653725844e+00
1.803572135980494373e+00	2.181546084234884830e+00	3.729569092350363491e+00
-3.329303641678885928e+00	-9.218906090618941285e-01	7.309676095124126860e-01
9.742289638267007668e-01	3.701648288552584543e+00	3.575889916570846871e+00
-2.270139552626045720e+00	1.635391041555846137e+00	-2.503729683723798338e+00
-7.929944492509190951e-03	3.632223934502983642e+00	3.398473411864130433e+00
-3.652483939671480773e+00	-1.579267607943754204e+00	9.160651178514171988e-01
-3.142554767251330983e+00	-2.198776310765640396e+00	-2.250823234010534968e-01
-3.677719576050851202e+00	-1.815192611175742154e+00	1.335843225665134248e+00
-3.322583016461864158e+00	-9.809981315696125748e-02	1.636891538908957777e+00
-8.284658815348706629e-01	3.466603505410332797e+00	-2.850680288267209317e+00
-3.148236544034229034e+00	-1.162917691911927509e+00	-4.579990911573372792e-01
-1.128067704234521629e-01	3.591725912981104774e+00	-3.553186214113581265e+00
-1.104239570929208991e+00	3.362523331311943142e+00	-2.729982051525976949e+00
-2.947417480056229167e+00	-1.759729857507067008e+00	6.957448804645514073e-01
1.795357629220284190e+00	2.556858612792503038e+00	-3.521795906230594575e+00
1.731544020847963106e+00	2.881686997082176571e+00	3.733382719553349993e+00
-2.703260885142240610e+00	1.568540603013076407e+00	-1.909665175325593101e+00
-3.205060275749797238e+00	-1.179783330898130256e+00	2.664408430882101442e-01
-3.194335880678153217e+00	-1.091145957817825529e+00	4.653874585413424469e-01
-3.426881177006195323e+00	-1.844843414353554145e+00	1.691585644991856263e+00
-3.606371918563614276e+00	-2.390531779102162524e+00	4.331546158601993213e-01
-3.295440195874232980e+00	-8.188584414755384344e-02	1.585876643306023404e+00
-2.411413153228088913e+00	2.088920097826217237e+00	-2.099584507245174425e+00
-3.752161627817987899e+00	-2.479309400072451375e+00	8.680141778924737039e-01
-3.411951165608216208e+00	-2.833484882737688615e+00	1.043851874356582776e+00
3.356302403885315755e+00	-2.987103981606963998e+00	-3.907505747121629458e+00
-3.808675838281573967e+00	-1.598991070170349360e+00	-1.111315560347849285e+00
-3.539086428782781457e+00	-1.434905817660470095e+00	4.803750069901484565e-01
-2.110839090729001555e+00	2.246609398625009746e+00	-2.681960933551786219e+00
-3.149385650490450494e+00	-2.257766893812848341e+00	5.198275198946973319e-01
-3.392280442354097758e+00	-3.392280442354096870e+00	1.195975002753781880e-01
1.157977727232609944e+00	3.124402793643827891e+00	-3.422701761903422568e+00
2.685429695255676652e+00	8.351805100390006231e-01	-3.940939506288790639e+00
-3.605117527401659583e+00	-2.341566048897488095e+00	4.936619404589581706e-01
-3.130157787093701849e+00	-9.559590179980164137e-01	-1.487975866381774814e+00
-3.260661285930751774e+00	-1.949933032877128491e+00	7.352545257545628488e-01
-3.504834995226572047e+00	-8.857431425520814194e-01	1.814706222215225040e+00
-3.267878611012260848e+00	-1.985596424877791089e+00	-5.273072849438182885e-01
-3.039982740294313590e+00	-1.201851727668655556e+00	1.550922950085872110e+00
2.750443621440671116e+00	1.333596201196879605e+00	3.889367555310674796e+00
9.285220285355013647e-01	3.300871112082013337e+00	-3.359427752150311974e+00
-9.699694780715554243e-01	3.023280169930587125e+00	3.133594020621955245e+00
1.433475364609051450e+00	3.144568227341472788e+00	3.664822745115902336e+00
-3.577717202681285347e+00	-1.189941377825642910e+00	1.146228163144408008e+00
-1.063681653984947184e+00	3.353491657369439771e+00	-2.765374609931872563e+00
-2.856699248214038089e+00	-2.469797108590312540e-01	2.083961579765726491e+00
-3.128553195398633857e+00	-2.125861905178576094e+00	-3.472410645728989387e-01
-3.371093721393522147e-01	3.727778759068852477e+00	-3.239509949517844767e+00
9.846823210893932421e-01	3.289812344378383990e+00	-3.352474564065070162e+00
-3.058510326193602413e+00	-9.855046891542778020e-01	8.769595697846899185e-01
-8.393292306544264392e-01	3.446733745797383008e+00	-2.850691839869129218e+00
-1.567156345938745199e+00	3.007142838934770523e+00	-2.563304696472947786e+00
-3.321715436690367174e+00	-1.154905754648138938e-02	-2.448236720530482913e+00
-3.756785596471817978e+00	-1.337158026070881078e+00	-1.250899345539466800e+00
1.314871012507267789e+00	3.239390907090069494e+00	3.647372399826775968e+00
-2.958812797435294684e+00	-1.920089255538633743e+00	-6.193638657198161646e-01
-2.473823320989553931e+00	1.981174982497610593e+00	-2.064063132390927535e+00
-2.939638192323112076e+00	-1.729861279935697160e+00	7.700386947684991767e-01
-3.290196734911051468e+00	-2.165008087021316641e+00	4.399356231002586881e-01
-3.586152257632460927e+00	-1.474374378218671122e+00	1.635431698943482282e+00
-3.589570845949266342e+00	-3.333472348222229265e+00	6.785949930718349066e-01
-3.588400692865505448e+00	-9.879662746329911371e-01	-2.180828512501176153e+00
-1.999433329953198779e+00	2.061345010119351784e+00	-2.656772319123508197e+00
-5.283590461018499163e-01	3.558402300450896671e+00	-3.487765242292117929e+00
-3.566393321264226923e+00	-1.193577282645352344e+00	1.668037187422594769e+00
-3.038120464364370221e+00	-1.224791947432179340e+00	1.511965218381525311e+00
1.014591841242946879e+00	2.828765456348528051e+00	-3.569015320755732912e+00
-1.677581933995203167e+00	2.007342151300901545e+00	2.717239765259670037e+00
-3.438977841784087275e+00	-7.141395114119259979e-01	1.222844879244691541e+00
-1.059031599485302122e+00	3.678874686773609071e+00	3.164369794770585997e+00
-3.762772471521375284e+00	-2.375444544232224509e+00	-1.679019134418289205e-01
-2.782769542022290210e+00	1.446433219001847181e+00	-1.825636431203847554e+00
-3.666911305898753692e+00	-3.463553734287831087e+00	-3.820530636416830106e-01
3.791796381432500085e-01	3.254772753912459127e+00	3.480755880579645911e+00
-2.692638484273756738e+00	1.506793578954460866e+00	-2.814011860407043208e+00
-2.836233101680861068e+00	-1.044718134969015333e+00	1.315762182074307063e+00
1.556810976179775707e+00	2.226736409716000509e+00	3.743332479691857451e+00
-3.292657715855087375e+00	-4.497685067665209147e-01	1.679186206051651808e+00
-3.178343191154638703e+00	-1.283873665274345210e+00	-1.295794486882637653e+00
8.104704258422225083e-01	3.021284165080614592e+00	-3.573965086011915648e+00
-3.271462501901755804e+00	-2.835358153047848440e+00	6.388793568937316536e-01
-3.918546068529254356e+00	-2.445538339432618002e+00	-4.590238211090595932e-01
-6.825754109509486467e-01	2.911960459022078229e+00	-3.125558368881893756e+00
1.441448557074979098e+00	2.615785076555505295e+00	3.681475339709502137e+00
-3.268555925228431303e+00	-2.859314746672610319e+00	5.392085753418287553e-01
-7.016007460166648890e-01	3.509166805628857855e+00	3.241735111164710581e+00
-3.387930206491253760e+00	-7.902043064536456995e-01	-1.611205969462528920e+00
1.619545543928645470e-01	3.109013350793162989e+00	-3.361484744516924472e+00
-3.401982084563464070e+00	-5.860159651227943023e-01	1.283079568428203032e+00
-2.828242960992434440e+00	1.258993986177494584e+00	-2.767313826892732642e+00
-3.553577159494418769e+00	-1.148478901788935858e+00	1.717280580593886441e+00
-2.877426697860058002e+00	5.009753975905439916e-01	1.597007987996057921e+00
-3.511835663196781088e+00	-1.452367468880724655e+00	-2.386992989087439732e-01
-3.099893045393506519e+00	-1.747842258858735898e+00	1.127730268169355732e+00
-3.380514363302648206e+00	-1.560811592454107277e+00	1.819629282493171907e+00
3.563281134561518737e+00	-1.006633670830427985e+00	3.940451821441747882e+00
-3.653481656779472786e+00	-1.598522059493397318e+00	9.277481797437223676e-01
-3.392750211084815781e+00	-4.194464913449293952e-01	2.036602158159103837e+00
2.480505982402346765e-01	3.604042271434995559e+00	-3.659175713383991280e+00
-2.292948168425455346e+00	9.590255130768130520e-01	-2.304990123439220717e+00
6.002038295235492260e-01	3.368621200471134891e+00	-3.455481833218168042e+00
9.413119900662297868e-01	3.222617107940302983e+00	-3.532317298928783433e+00
-3.403131215811051824e+00	-3.244046418184985292e+00	5.201329616522967214e-01
3.122585875968475921e+00	-6.256427117659035808e-01	-3.994843438124197732e+00
-1.591668735341286833e+00	2.547352822168167386e+00	2.844834942079151219e+00
-5.775502583243791177e-01	3.267034487932294340e+00	3.205651427688567701e+00
-3.703699263901176320e+00	-2.663307314729488340e+00	1.048865647609992457e+00
-3.117441093887662440e+00	-2.058858956513872407e+00	-6.356861122420109922e-02
-3.648101769157631846e+00	-3.566946515846746824e+00	-1.822654614836083375e-01
-2.793154163344624408e+00	1.441180170337892363e+00	-1.820391231458261316e+00
1.689454200826319363e+00	2.622219305222063923e+00	-3.539679208508098363e+00
-3.290834018385203841e+00	-2.250855887426173041e+00	2.291949201911949174e-01
-2.326024906335156572e+00	8.045583144352614902e-01	2.218111347368251884e+00
-3.457519498653944812e+00	-8.007551787879276795e-01	1.175657884772015827e+00
-3.375245395753199595e+00	-2.056847285508029977e+00	1.561014211966775811e+00
-3.617344770825665634e+00	-2.538733954812898652e+00	6.049181796743940964e-02
-3.024378950158503443e+00	3.871274373002315805e-01	-2.000113536914772006e+00
2.771070562604711629e+00	1.617364650682006300e+00	3.803653148023878217e+00
2.944284504204506270e+00	6.475745161612289635e-02	-3.958165654443407178e+00
-3.547921124502668278e+00	-1.560277365297149110e+00	3.300095073930275902e-02
2.334284395467185913e+00	1.870412761666074175e+00	3.788849753094734929e+00
-1.650270718727705921e+00	3.221465546966616245e+00	-2.927614649857522622e+00
-2.828872820586954884e+00	2.115806137263724906e-01	1.949105616972540922e+00
2.314917748484642546e-01	3.100327850116769923e+00	-3.367751718351462031e+00
-6.977891032143640482e-01	3.508467685514665924e+00	-2.904097873244319672e+00
3.058261443550099656e+00	-3.677409292316387024e-01	-3.974986638892548996e+00
1.371550596456940552e+00	2.988331921030916494e+00	-3.431683008281374292e+00
8.847031430592826595e-01	3.154636756170591916e+00	3.580466501833177162e+00
3.821438274326404372e+00	-3.363609635527684549e+00	3.988479747289805033e+00
1.196451295140341653e+00	3.106138935299715964e+00	-3.627259255152818440e+00
-3.541043673382718637e+00	-1.534558974500436879e+00	-5.235855151037327460e-02
-2.726474280576624221e+00	5.948541435626535367e-01	-2.150333305541035855e+00
-6.781320868066154084e-01	3.299571265313968382e+00	-3.137405060754482555e+00
7.913940781076173048e-01	3.366578531041905187e+00	-3.556715944629178505e+00
-3.613928902304546220e+00	-1.374731223211317577e+00	1.083657434831633459e+00
-3.047758095193935368e+00	-1.290986028095625127e+00	9.523741508606589079e-01
-3.597040415328971896e+00	-3.384302625686319566e+00	5.779085528333345323e-01
-2.976327482835031901e+00	1.092947006168929036e+00	-1.638014435799107993e+00
-3.148351703141997859e+00	-1.180203988904047652e+00	-4.317540436797844272e-01
-3.230681309580538674e+00	-5.310930436465928217e-01	1.034751913794685230e+00
-2.786036459620128358e+00	1.313184006321833408e+00	-2.767619068328174503e+00
-1.539852709150426824e+00	3.043480789697113664e+00	-2.566133449910741327e+00
-3.114347180461377818e+00	-1.391103143682543841e+00	1.613047471570757452e+00
-3.442167697215579913e+00	-1.328363067849328782e+00	2.564365354434041677e-01
-3.354963755207622356e+00	-1.351167286581310467e+00	1.909058658450180523e+00
-8.828875288508927222e-01	3.474540213020991253e+00	3.132194279283641691e+00
-2.754678939875377264e+00	1.033847069549227449e-01	1.695554496504272812e+00
8.573226945291479995e-01	3.336621789805921612e+00	-3.559214263611110596e+00
8.360955447136904084e-01	2.975641707770853461e+00	-3.578144051679568616e+00
-2.765832537649897116e+00	3.939843548480062019e-01	2.029378335161470481e+00
-3.216835248010321724e+00	3.443302643200025770e-01	-2.551527396346974452e+00
-3.597290062691024914e+00	-1.520280644730464648e+00	1.622719074133334161e+00
-2.940007949909421825e+00	-9.259865323474425480e-02	-1.881467197628061250e+00
2.522589154784370180e+00	1.521116744567180490e+00	3.806613875535487246e+00
5.239995749931760649e-01	3.500337737051525622e+00	-3.250348273555241363e+00
-1.299347096327654105e+00	3.224277360256137648e+00	-3.321567661180873987e+00
1.169956697929682266e+00	3.070206351809571466e+00	-3.580107733168921058e+00
-3.458884577074077704e+00	-1.355425310779629466e+00	-2.069948648088288934e-01
-2.837492710362345960e+00	-2.081070589547913130e-01	1.538915674888228224e+00
5.257224609265785942e-01	3.382914604449768436e+00	-3.434727577104115248e+00
1.656750095330987993e-01	3.617657595184107677e+00	3.440394949784871592e+00
-3.604562005727244500e+00	-1.279208027177949791e+00	1.159156515884211203e+00
-3.093474311965247026e+00	-1.583149888997816612e+00	1.316181091756623012e+00
-2.391483753326258732e+00	2.000491459195314459e+00	-2.940410454972401944e+00
-3.575996427241373787e+00	-1.006189214276381971e+00	-2.140110129701770170e+00
3.702415449073202858e+00	-1.539365357232289178e+00	3.924904534794584343e+00
-3.784678666066166652e+00	-2.632638114156517606e+00	6.683938656024137615e-01
2.206237433410307147e-01	3.228230404938467135e+00	-3.439721438075665105e+00
-3.416517693037937953e+00	-3.040811050924090431e+00	8.370242595886416836e-01
-3.663515956462096934e+00	-2.119231568026355372e+00	1.381518624620701630e+00
1.815218802881555238e+00	3.037613495040141665e+00	3.679936952205032696e+00
-3.511497736515254875e+00	-9.852605560072777990e-01	1.811562368594118233e+00
-3.382703388031826019e+00	-3.330444927274800015e+00	8.095193009285051033e-02
-1.277482411383637162e+00	3.210605292524348453e+00	-2.696314604750623900e+00
3.200496144948355326e+00	-1.158577644392828176e+00	-3.873054598192049891e+00
-1.680864023771249771e+00	2.874383576445150634e+00	2.859479816864769042e+00
-3.014842273415298202e+00	5.724579564658247577e-01	-2.110001629763254449e+00
3.180051690368269846e+00	-2.756264015638510312e+00	3.953176719200985012e+00
-3.268541550190186662e+00	-2.843092384751198853e+00	5.506333549235424840e-01
8.022332977347739202e-01	3.403756905665603405e+00	-3.292864334588755160e+00
3.804289017949044283e+00	-2.735896795596262976e+00	3.959672562540532681e+00
2.275806901578459468e-02	3.256068389448692812e+00	-3.394892635827789551e+00
-4.002012268902085945e-01	3.534886027166276090e+00	-3.287790104989024353e+00
2.696042579029421127e+00	8.929525574000662935e-01	-3.724608523098503987e+00
-3.311020585322245413e+00	-3.150402123051039283e+00	-1.745447149503043249e-02
-2.817200266973805878e+00	1.238390765814038730e+00	-2.751503853482282658e+00
-2.069666364366987032e+00	2.473433679579049915e+00	-3.084476317803389378e+00
-3.207742476417948740e+00	-1.247493329451455413e+00	-8.292778643271692118e-02
-3.606285048708094632e+00	-9.994196027959292294e-01	-2.189325749967074408e+00
-2.846779327918990798e+00	1.283553018223011488e+00	-1.790109127473078043e+00
2.742274203815694200e+00	6.759967596924978395e-01	3.922778075273600784e+00
-3.043711112495587567e+00	9.029221141535197503e-01	-1.566875171447137838e+00
-9.542923823671091155e-01	3.411262843122974786e+00	-3.402347244475635968e+00
-3.202295063019360288e+00	-1.305101014729366238e+00	-5.121075087004856030e-02
-3.529958724904148415e+00	-1.097859747502349048e+00	1.791699616557573371e+00
-3.298594847457831047e+00	-3.106823231528857754e+00	8.283485134635260039e-02
-3.618311256138874388e+00	-3.597268198995086763e+00	-7.714471591246496729e-02
-3.765314803140264566e+00	-2.448496761469030503e+00	-3.008034492350173394e-01
-3.259867274811819815e+00	-1.937078312621924869e+00	7.632137912974279459e-01
3.338032306281575767e+00	-3.253215319036157016e+00	-3.933438548684061509e+00
-2.941213763217592980e+00	2.700118115736187541e-01	1.462775673179529612e+00
-3.334378923028454622e+00	-3.185207282363553105e+00	-2.543546885544945013e-01
-3.286400709515190144e+00	3.053629691150083758e-02	-2.425187042077022070e+00
-4.670859919378312908e-01	3.376319857903070876e+00	-3.187792310495972004e+00
-2.284813088166838480e+00	1.996993955998364711e+00	-2.569901540902882697e+00
-3.186101376197150614e+00	-9.321087335358799741e-01	6.746933820072271715e-01
-2.869140295756512415e+00	1.404813696420621483e-01	-1.967763981495703973e+00
2.353986777010206310e+00	1.656691508017823722e+00	-3.919633131413786664e+00
-3.603030076190387732e+00	-3.497220038367047756e+00	4.383362155891825651e-01
2.382525497295711947e+00	1.790679225098410043e+00	3.787694508633416390e+00
-1.639806415972978382e+00	2.933576175624868387e+00	-3.211661717260253290e+00
-2.964761739389753625e+00	-2.020036518282664506e+00	3.307488500973194689e-01
-3.355777448202176494e+00	-7.652357627008394836e-01	-1.483626148621336238e+00
-3.552837381501326441e-01	3.283268889625063469e+00	3.315058402405633764e+00
-3.085991240045331541e+00	-7.225648672687703389e-01	-1.618020514029796519e+00
-1.235438881380912068e+00	3.531677662594149947e+00	-3.061222264216637790e+00
-3.626022312875255782e+00	-1.456271059871468321e+00	1.006212273493746423e+00
-1.041864083694645560e+00	3.643994080147007431e+00	-3.125210797424409215e+00
3.158444135205301428e+00	7.189217667904799214e-01	3.854632735235647978e+00
-3.543191813083824027e+00	-8.042274777651181594e-01	-2.224968687669933942e+00
-2.663309305399389704e+00	1.535911697777211593e+00	-2.821510252140948971e+00
-3.457036627228617043e+00	-1.181223120521029735e+00	-1.422013558036254288e+00
-3.625633768135045898e+00	-2.496036718719535141e+00	2.429394410368139745e-01
-3.606406436476973454e+00	-1.126809401567106406e+00	-2.098462970110881898e+00
-3.766013061900300052e+00	-2.482805962973682057e+00	-3.572186642304666648e-01
-3.419941688064216834e+00	-5.008383901453110632e-01	1.459618176306145543e+00
-3.408138617367614032e+00	-1.265689773256729822e+00	2.839171187037141664e-01
-1.378070782965875818e+00	3.200355742065417175e+00	-2.627918042572549240e+00
-3.007938225692448064e+00	-9.193974345872630849e-01	1.779623283573355863e+00
-3.247696236048552176e+00	-2.868716337938552741e-01	1.829822834084490424e+00
3.100949715695711095e+00	-1.781101319891268631e+00	3.963448117355378386e+00
3.578270611162672310e+00	-9.642636687522103678e-01	3.914942992355753937e+00
1.331323194811321775e+00	2.983329348361123401e+00	-3.624233348555915057e+00
-3.002543190355246860e+00	8.784469494416957680e-01	-2.681451210500913618e+00
5.602901995805030788e-01	3.085854737715516105e+00	-3.499772250732998469e+00
-3.544275437121055194e+00	-1.219347159220630417e+00	1.730557076636369374e+00
3.305527444082374977e+00	-2.175910317452388831e+00	-3.952933492298506213e+00
-4.223892373704178915e-01	3.029703129578305010e+00	-3.193616374224940824e+00
-3.590213392236074164e+00	-3.383602876990243757e+00	6.265386332790541246e-01
-3.219651673088697930e+00	2.279765927018964078e-01	1.762685685720802198e+00
-2.981236504877899929e+00	-8.013697465331000025e-01	1.806254683306324438e+00
-3.256683114931406386e+00	-6.356597077512020633e-01	9.601444880237641755e-01
-3.251082881609175246e+00	-2.311034732099663813e-01	1.792228868370060901e+00
-3.703236525287955327e+00	-3.421779982465134040e+00	1.379913325541766156e-01
-2.961362528614337908e+00	-1.974543892743740869e+00	-5.002915658759063966e-01
-3.057975900230099242e+00	-2.440082844579700705e-01	1.206372833537368905e+00
-2.975350723174208234e+00	-2.276755990193857215e-01	-1.815738877160784970e+00
-2.972724372980488639e+00	1.025660660061609164e-01	1.395086853021389572e+00
1.006355834970181773e+00	2.845060671714619183e+00	-3.582015195833348820e+00
-3.632830992849568563e+00	-3.571835687654298042e+00	2.465961342236999698e-01
-2.829147649737689285e+00	1.335495578815349749e+00	-1.797767311926199429e+00
2.405437385153601060e+00	1.741715769948863013e+00	3.786798393630886217e+00
-3.286724775664133791e+00	-2.126391126948661281e+00	-5.846449983251167382e-01
1.478315212696841074e+00	2.899125768721434238e+00	-3.455730166159849848e+00
5.615907610652883797e-01	3.454231828831019868e+00	-3.510533863005984134e+00
1.026150519831185326e+00	3.266648481895641165e+00	-3.766013021897969715e+00
-3.589518009146478228e+00	-2.194322942242509011e+00	6.729024585427429983e-01
2.920519258502058957e-01	3.558472834012133212e+00	-3.647372182584097011e+00
-3.608212765805526523e+00	-2.388408915195309845e+00	-1.763285628241844094e-01
1.022152936741075102e+00	3.278241189650485055e+00	-3.783258907564558182e+00
-1.511632312786954202e+00	2.222171364772943747e+00	2.797638192435110582e+00
-3.336516537470233246e+00	-1.870058514958068407e-01	1.568952553378438530e+00
-3.437710704540845263e+00	-1.103821441117450064e+00	1.443883901647664558e+00
3.958740196406247969e-01	3.863255630351343228e+00	-3.470698263894567592e+00
-3.714695518250920703e+00	-3.337134576623380422e+00	4.567450582836753981e-01
1.879165852759665523e-01	3.419018310399253302e+00	-3.352639399131543740e+00
-3.450164826605139901e+00	-9.693673728158547220e-03	-1.818577823522072201e+00
-3.260773672149889446e+00	-1.895125333756434660e+00	-8.439264560565096218e-01
1.627369241482647721e+00	2.129149026737880313e+00	3.752263244720693613e+00
-3.416708905159862475e+00	-4.667461294633943325e-01	1.501770212822091999e+00
-2.918137728895617400e+00	-5.390534021901620676e-01	1.927486738727477444e+00
-5.317117103273089063e-01	3.288574220882071852e+00	3.233155281019452154e+00
-1.233806914658617027e+00	2.543071437479814456e+00	-2.931635664510931605e+00
6.562511131780611739e-01	3.345810491353775618e+00	-3.458366525892067500e+00
-3.553359221632303111e+00	-1.566419752488571682e+00	9.695086687140186399e-02
3.340461458884401491e+00	-3.226197028072981254e+00	-3.946800319684726777e+00
-2.834023485216133231e+00	1.301926592079474698e+00	-1.810616939797962566e+00
1.623610417728885258e+00	2.418707003158429458e+00	3.704260270156622958e+00
9.818277323341160212e-01	3.628336646498252271e+00	-3.581980109648731592e+00
-2.626571990880534280e+00	-1.359197934143452358e-02	-1.922714641722345963e+00
-1.161291321307234670e+00	3.283355448940179055e+00	-3.334617395528034489e+00
-3.079834446158752126e+00	-1.510657808706921790e+00	1.358892825533972726e+00
-5.079171721706419174e-01	3.587116996582520478e+00	-2.941072845590076756e+00
-6.714371049856514562e-01	3.627090732550291019e+00	-3.167592677939905954e+00
-2.849512188308676919e+00	2.333374037012383440e-01	-2.012303672191563031e+00
-9.271037526500400805e-01	3.105341981727720135e+00	3.103082798905406392e+00
-2.932711175204893106e+00	1.006318817944985788e+00	-2.691870717580009398e+00
-3.286525771200519142e+00	-2.202939009585016095e+00	2.161595151201032294e-01
-3.455428817489848203e+00	-1.863103341053096829e+00	1.690520237734791209e+00
-3.467709855283900855e-01	3.059030251415178370e+00	-3.208521223603689965e+00
2.763372650889019511e+00	6.331926622088563938e-01	3.929271005302686248e+00
-3.372781721603354210e+00	-3.286741478875666811e+00	2.056644471437376609e-01
-3.192325278991033244e+00	-1.265299806047385012e+00	-2.369642223927526103e-02
-3.493296553586341169e+00	-1.019112108768979397e+00	9.966068864526143045e-01
-3.067217021148771927e+00	8.716412679738012592e-01	-1.567173047162901955e+00
2.592850848596799818e+00	1.033013933511081284e+00	3.904382769543579101e+00
-3.646767338598693176e+00	-1.629500731396460012e+00	1.438947389119170417e+00
-6.651383445337306632e-01	2.925101887332397066e+00	-3.120435915070757460e+00
2.772515858150572665e+00	-3.208128833140975189e-01	3.966933252803594101e+00
-2.946903828544354731e+00	-5.231715614529317548e-01	1.287141109855220122e+00
2.708909861773587835e+00	-9.431087274473703985e-02	3.960071663077078696e+00
-3.635700123035836118e+00	-1.535416312700985664e+00	1.508698889205587257e+00
-9.074858620818694599e-02	3.610589663352844259e+00	-3.088056788696783350e+00
-3.849650684252105215e+00	-1.919452073646314982e+00	-9.312942064943787734e-01
7.402061215845792130e-01	3.435028889167093702e+00	-3.281105160391851072e+00
-2.836352908000460804e+00	1.043487162067874507e+00	-2.264257525753625266e+00
-3.643846223819148467e+00	-1.713927094408021379e+00	1.437609901432938209e+00
-3.108198593938567900e+00	2.849291769041921718e-01	-2.014752045455437290e+00
3.164874424806119357e+00	-9.414060007276900954e-01	-3.857433830223894411e+00
-5.516449649898488294e-01	3.889556095805811076e+00	3.293311448938522012e+00
-3.771171886998161416e+00	-1.387387564089114456e+00	1.393813890992996463e+00
-3.341220664771801019e+00	-7.037553969567067469e-02	-2.416781162719283671e+00
8.213900464148816694e-01	2.820444705448110323e+00	3.575413687625601966e+00
2.638628744867072662e+00	9.235824051351868569e-01	-3.759847409434831977e+00
-8.028467114198696297e-01	3.406875197943239897e+00	-3.178371548276917480e+00
-3.655172651796440686e+00	-3.574696717491886222e+00	-8.103456929465391312e-02
-3.794433989364266235e+00	-2.839892365201872160e+00	8.197976305337384417e-02
-3.332008964678775165e+00	-3.231733448798043362e+00	-1.822168611182903852e-01
-3.552859547539529483e+00	-1.553526808784269964e+00	2.603118475070749227e-01
3.304010961779669575e+00	-1.958942317261465282e+00	-3.891628921771593141e+00
-2.953254892397997100e+00	-1.788677302617691645e+00	-7.818135317852150656e-01
2.912345856832166735e+00	1.592911678198047909e-01	-3.792548131272065248e+00
-3.063474509914788424e+00	-2.335145195449550570e-01	1.207622356596638191e+00
-2.729398301350795641e+00	-4.883895976699972330e-01	1.621732957421257559e+00
-3.668591515731276953e+00	-3.401805476195060685e+00	-4.771418620334544336e-01
-3.425757019718285168e+00	-1.304811567525085980e+00	1.911497506028929649e-01
-3.000902384572527115e+00	6.135540992117309855e-01	-2.132023221856151451e+00
2.756886245633619392e+00	6.491669167401101781e-01	-3.950708618885955925e+00
-3.927728658093692538e+00	-2.605509877265772545e+00	-6.543144462872785283e-02
-3.286830908517604399e+00	-2.999487687706841488e+00	3.275583045041479124e-01
-3.772368648989394835e+00	-2.573149904021721390e+00	2.858939690205986039e-02
-1.186546901173216817e+00	3.290280766745310892e+00	3.046285903406227291e+00
-3.029946489255536335e+00	-1.217095247116258383e+00	1.019383677057688509e+00
-1.811660931054623225e+00	1.812630577203315774e+00	2.630643356332701188e+00
-3.513982688159784651e+00	-1.504114298462111865e+00	-1.262130709546543272e+00
-2.850558603329879315e+00	-1.003036135061468936e+00	-1.409902557202964868e+00
1.155231267964145658e+00	2.607937563863447217e+00	3.656332065847879953e+00
-3.723367157337417410e+00	-3.196512477118993001e+00	6.301068586860472109e-01
3.267668261180162403e+00	-1.979459887131212348e+00	-3.930696723863579933e+00
5.255916822164562463e-01	3.698285467774114821e+00	-3.416448398928365826e+00
-3.268046318504511216e+00	-1.870842123656992095e+00	-8.645742529677500343e-01
-3.191729240636015152e+00	-1.001569570642692142e+00	6.143281700875480311e-01
3.095185254704408084e+00	-5.206377103902175563e-01	-3.825771955984327288e+00
-2.815472181437471466e+00	9.668676335147141643e-01	-2.196822076305556593e+00
-3.344135208850258945e+00	-1.594282861747080338e+00	1.793131166900701956e+00
-3.012150769528655569e+00	-9.159012478077928066e-01	1.817126059017573070e+00
1.024268279157231509e+00	3.317592422874966029e+00	3.593164149829239484e+00
-3.705438009953340828e+00	-3.492081962989248556e+00	1.313408722369162618e-01
-3.199973985741539462e+00	-4.101222397884196624e-01	1.099176740358950966e+00
-3.145516681333981435e+00	-2.275459593265571012e+00	-2.031545641215752873e-01
-8.722760289473208140e-01	3.444694078199243670e+00	-2.827918452969605312e+00
-3.705511052044895948e+00	-3.475896685329175284e+00	1.944494279775108581e-01
1.617813368210769404e-02	3.715438818891754647e+00	3.376634627307029568e+00
-2.576046301356609725e+00	1.687391655162846060e+00	-2.856666890706148099e+00
-3.791980886133630602e+00	-2.741250971095762434e+00	9.099068898093864988e-02
-3.517871726647984421e+00	-1.456551902128185194e+00	-1.995975628430093352e-01
-3.335894874697520773e+00	-3.112658288498793446e+00	-4.415260373601284094e-01
6.137711991206099560e-01	3.445706955159392404e+00	-3.519350848019168421e+00
7.142252444785293086e-01	3.698549649791421423e+00	-3.496802996131232355e+00
8.851835334242391662e-01	3.305140019610480984e+00	-3.567678149717622205e+00
-2.802136494030200264e+00	-1.067534317918497067e-01	1.634357677124385511e+00
-1.671906262642913310e+00	2.887572471878137037e+00	-3.201008132521938609e+00
3.473318881192251961e+00	-2.660740446509418433e+00	3.984292132991322788e+00
-3.161839864888954299e+00	-1.373893512624906332e+00	-1.442182764231114689e-02
-3.452812155102420011e+00	-1.261493124384736486e+00	-4.284967973641453653e-01
-3.268703319329723467e+00	-3.462178144362182408e-01	1.820948482031499616e+00
-3.617948006047810416e+00	-1.792525616454162973e+00	1.522789292333539990e+00
-3.331840708246765814e+00	-3.164242814334137677e+00	-1.749143542232420856e-01
-1.959575576910243200e+00	1.634292412751157997e+00	-2.557177548126424060e+00
2.820419140872264308e+00	5.038210868334780379e-01	-3.769523311256522291e+00
7.823076933243120479e-01	2.947485013878972993e+00	-3.511230437334526666e+00
-3.120461914060094877e+00	-2.052381479523869068e+00	-1.006181981104443679e-01
-3.875652602577218442e+00	-2.030764682652711706e+00	9.920835963768253052e-01
-7.354493212240288402e-01	3.507304125154624863e+00	-2.871733323902108559e+00
-3.762471862272496637e+00	-2.458735833612696098e+00	-2.445725980680379941e-01
-3.098488760308754753e+00	-1.800998205844230871e+00	4.992121708966523741e-01
-2.879885568846930699e+00	-1.263314853210316446e+00	1.139776978360153237e+00
2.032018841148438337e+00	2.041168799322121696e+00	3.797421969319498380e+00
-5.762138749505086865e-01	3.483216690298990947e+00	-3.247063237611125697e+00
1.971054206105085749e+00	2.270574719054376800e+00	-3.864518776277503953e+00
1.617027066435699822e+00	2.994035574792470289e+00	3.703378372833260990e+00
-3.066478153758413150e+00	-3.065064741293803685e-01	1.176643657756653027e+00
-3.243823239500973177e+00	2.559403342184869423e-01	-2.523521341369827198e+00
-3.591075180769887965e+00	-5.243427609156507962e-01	1.764421092583999595e+00
-1.265220473405533230e+00	3.228036748002145018e+00	-3.331044828868754859e+00
-1.436108980693630022e+00	2.340132812737174994e+00	-2.839944528614576136e+00
-3.613791809332951743e+00	-3.591486891393346426e+00	2.314001504011855559e-01
-3.527400632004948466e+00	-2.502554469593042175e+00	1.359002537803244870e+00
-3.183242949160889790e+00	-1.225652838536073652e+00	-2.047590308497042599e-01
-3.504518693167440357e+00	-1.073360005966662367e+00	9.615778556880298922e-01
-2.897549786906559621e+00	3.553113811335033567e-01	1.521225821464767591e+00
-1.328415844930210588e+00	3.457622182593413029e+00	-3.045204946141962132e+00
6.271141786879095292e-01	3.769436079175424226e+00	-3.506868694025501831e+00
-2.813974909261519830e+00	2.366302932523058900e-01	2.056653516199827614e+00
-1.563699007325740700e-02	3.707974055265716551e+00	3.370653286576982488e+00
-1.261791445367287601e+00	3.225133128058376819e+00	-2.698824023419966522e+00
3.393857016685673855e+00	-1.201610568382887045e-01	3.882308827935510465e+00
1.037453391558021965e-01	3.626752436992855877e+00	-3.639585890547016866e+00
2.479572914267885508e+00	1.370934524352712902e+00	-3.696883747017619459e+00
2.576135692685681988e+00	3.639320918231159219e-01	3.941267426042275979e+00
-1.251694073776706162e+00	3.235334433164087198e+00	-3.319557379943725905e+00
-2.274337478260608059e+00	2.220557293472922744e+00	-2.217915998764302898e+00
-1.597806465930266429e+00	2.168025656654838595e+00	-2.765733535519387054e+00
-3.109024631094639446e+00	7.242195608147525832e-01	-1.511772995996950808e+00
6.711913341404369682e-01	3.419219174495601976e+00	-3.518365810559908713e+00
3.149259157250004382e+00	-2.523237003738190154e-01	3.886904268607604074e+00
-1.179455055167874855e+00	3.337510216830328780e+00	-3.031369893258247128e+00
1.407882296397399424e-01	3.110905549010468008e+00	-3.355438304987167886e+00
3.109494642289178046e+00	-5.885363726479933000e-01	-3.976076638647130679e+00
-3.816936992512703242e+00	-1.633825592797786275e+00	1.253980515334332857e+00
-3.695599859201077475e+00	-1.926742977708844728e+00	1.262177761151607847e+00
-1.765628482863956350e+00	1.950640763493144636e+00	-2.662761047406555726e+00
-3.545611544050956354e+00	-1.498180189347189994e+00	2.870166710208295058e-01
1.543471591233515960e+00	2.803982854908531053e+00	-3.809000202635082655e+00
5.689800729215641617e-01	3.025762281465692816e+00	-3.452694169925555112e+00
-3.825284866216522861e+00	-1.707782297661682325e+00	1.185108876425033486e+00
1.382410002454225850e+00	2.977668031917693803e+00	-3.443184917552518876e+00
3.659717906819586197e+00	-1.832140111415575534e+00	3.995887541090734629e+00
-2.917922744121136169e+00	1.424158310794672921e+00	2.418613326557591314e+00
-2.313416219986879518e+00	1.400607182661001815e+00	-2.423490775075670900e+00
3.254271628003138073e+00	-1.486259509342683582e+00	-3.973442192106453774e+00
-3.521397453859908211e+00	-7.703399308852545424e-01	-2.211601028965430871e+00
-3.263341717987504609e+00	6.126977617272810761e-02	1.687671314215876350e+00
-3.385172418511455561e+00	-8.678563669577785689e-01	1.595906037080579765e+00
-3.012607672243618584e+00	-7.084247303847002186e-02	1.302315593099566904e+00
2.932853594154969823e+00	2.397840021549146883e-01	-3.746541446316472790e+00
-3.196752530783870672e+00	-1.252958926346273927e+00	8.517989190679475797e-02
3.063647466347908743e+00	9.523759540294927106e-01	3.847853375476898208e+00
2.589413568756726125e+00	1.964150901253963077e+00	3.786589749677232497e+00
-3.441186028180142298e+00	-1.137503143551426898e+00	1.458099541041139702e+00
9.011992811467978148e-02	3.299785610190198337e+00	3.421966731509244575e+00
-2.400710517896644358e+00	1.217793587733114968e+00	-2.344686233894643479e+00
-3.787745795815103733e+00	-2.778288208818367355e+00	2.121650729772373012e-01
-3.542302241787408157e+00	-1.759586109654363018e+00	1.040731800833222920e+00
1.792612624744269301e+00	2.508094251182638512e+00	-3.554018696077729356e+00
-3.254037454604142621e+00	7.148502276810342337e-02	1.658139550676823504e+00
-2.529530717267984397e+00	1.570713454221096761e+00	-2.404693694960256423e+00
9.678281857615019801e-01	3.549267862376525251e+00	-3.507824885344667631e+00
-2.121181990864005051e+00	2.294180021533255509e+00	2.756777136093443659e+00
-3.386294545272338752e+00	-3.346759459448328311e+00	-1.343543950536516540e-01
-2.723990276431969448e+00	2.309624131397982616e-01	1.720403792087322081e+00
2.223999813156465777e+00	1.875116945649879074e+00	-3.895990238155033758e+00
-2.949722862898450426e+00	-1.706549416660277263e+00	-8.717731061906364154e-01
-3.522206137326497899e+00	-1.498337675964339866e+00	1.597527488099590443e-01
-3.167897295101561039e-01	3.588389256025846130e+00	-3.022192285858704253e+00
1.423099380716497386e-01	3.602421235037585934e+00	-3.623037677361462094e+00
-3.096881596810399984e+00	7.144357947160417943e-01	-2.666771795816130997e+00
-3.570256792940829982e+00	-1.372853501431534617e+00	1.710581998848662799e+00
-3.001017980548447817e+00	-9.684841585560550747e-01	1.696571858405313549e+00
-2.459693681150284306e+00	1.185279176184618422e+00	2.323583951173098683e+00
-2.218622896688909329e-01	3.694915091387354966e+00	3.315747179481713047e+00
-3.496086570476622413e+00	-1.458633995370070657e+00	1.207207359140152647e+00
-3.761674418395413610e+00	-2.545247692573613385e+00	7.713538975285407773e-01
-3.121516154631419404e+00	-2.013121171087504990e+00	-4.505099444820204191e-01
2.500380833712286144e+00	2.135829071814431934e+00	3.778774729243394859e+00
3.643481918049273016e+00	-1.142388909818528031e+00	3.906860973610403853e+00
-3.640839222891433802e-01	3.214203704305780285e+00	-3.288069288873542995e+00
-3.131451075391519456e+00	-6.027242162593449137e-01	9.550927115046157212e-01
-3.011296346055101769e-01	3.418863103066320797e+00	-3.231311352555126692e+00
-1.286045941939674364e+00	2.740424611088206674e+00	-2.965977550423095188e+00
-3.463095665242300836e+00	-1.325633620289198511e+00	-1.206213272282748772e+00
3.274353083727005398e+00	-1.518881442296450945e+00	-3.989389820870048009e+00
-2.605242355068370763e+00	8.256044918538050226e-01	2.287393966194639638e+00
1.146825214133811777e+00	3.535261845598857366e+00	-3.602915585767177742e+00
3.338347471336145400e+00	-1.081752103529499465e+00	3.909680321920112611e+00
8.335132901250174031e-01	3.676419962852138568e+00	-3.545731733071055825e+00
1.866081558249860883e+00	1.812935017327303555e+00	3.814465647497836898e+00
3.747892210567060012e+00	-2.209332240063440977e+00	3.971850635290775422e+00
-2.564598195798396763e+00	1.753823116153290673e+00	-2.905114818505431629e+00
1.103425754682160420e+00	2.898361958220132983e+00	3.610186487079871220e+00
-2.155562880661402225e+00	1.785508063432824422e+00	2.544596695153212629e+00
-3.318116053627910400e+00	-1.354101835817100863e-01	1.600841023331538437e+00
-3.517357059268540365e+00	-1.541894840314286697e+00	-1.220401923443255043e+00
-3.598043099401294409e+00	-3.420974135936214910e+00	5.849555464657454351e-01
-2.936620714812786748e+00	-4.810548660886722061e-01	1.295883814462333028e+00
-3.735832751057066026e-01	3.591814869346944050e+00	-2.993386125400902209e+00
-2.980843967183415710e+00	6.823149605212908142e-03	1.338451333743266858e+00
-6.871545047284284280e-01	3.611630761194181805e+00	-3.153241704286541491e+00
-1.670170402999244796e+00	2.894744605746908395e+00	-3.204179182563799078e+00
-3.113394377800859925e+00	-1.913895712332812860e+00	2.034157556909246267e-01
-3.529788764110785237e+00	-2.636585063352804070e+00	1.249684607719979468e+00
1.366639581159466266e+00	3.208396480529492667e+00	3.660483123430675612e+00
-3.119523657562917496e+00	-1.997396160428767775e+00	-2.210788194973112297e-02
3.459867356889577472e+00	-2.320595862186219271e+00	3.959216815529870814e+00
-2.168935099589007987e+00	2.311552030778777578e+00	-2.667403170536096990e+00
-3.392606599997184613e+00	-5.421382334465656427e-01	1.296880754128758362e+00
-1.356077046598126001e+00	2.778358840686660614e+00	2.930131997818274492e+00
-2.135523546548011353e+00	1.231215669776165811e+00	2.404198208085533750e+00
-3.219783598302065730e+00	-1.222345183093352272e+00	2.198775124991323437e-01
-3.775869588551487688e+00	-2.544047540461921386e+00	-4.337342728909456824e-01
-3.084033587627450501e+00	-7.760688075982429268e-01	1.502713179853344627e+00
-2.127875243826723217e+00	2.692392177170876089e+00	-2.742524496998560934e+00
-1.425597303646597203e+00	3.129291174374833062e+00	-3.288695232116389811e+00
-3.253351966389128602e+00	-1.863365577664318984e+00	8.473625002759943570e-01
5.379144072159175449e-02	3.552148759632782316e+00	-3.406217674979068910e+00
2.749169660017662498e+00	1.680156159019484008e+00	3.800373760551647884e+00
-3.214758683347543222e+00	-1.569648743178674977e+00	1.077600297088546988e+00
-3.038468596687089462e+00	-6.822856885766501733e-01	-1.503621092661944658e+00
2.324276034823264114e-01	3.365295388173585867e+00	3.425182508095625522e+00
3.119941817522600136e+00	-2.202091195887637021e+00	3.993881629097144170e+00
-2.639016671558369165e+00	1.645101672666509973e+00	-1.969671916527804711e+00
-7.645251704766966583e-01	3.766421214950772089e+00	-3.205938016010756009e+00
-3.729401453015583900e+00	-2.138250780154365316e+00	5.032208844602479303e-01
-9.951550396078280292e-01	2.742574906282902347e+00	-3.010912760272483002e+00
-3.284419042254214549e+00	-2.191965119932643979e+00	-1.175293058494317755e-01
-3.121506734443191711e+00	-2.017194680474124091e+00	-2.743135457355267981e-01
-3.558426049799921387e+00	-2.001087980525460885e+00	-7.241169891912075940e-01
3.668347306371652294e+00	-1.798089994432982675e+00	3.985974244882164008e+00
-2.102413012784794422e+00	2.455079402941128031e+00	-2.305356721938510489e+00
-2.698660449228968972e+00	2.675439539617547879e-01	1.781786913296498298e+00
-2.197992488531842703e+00	2.658760449726057296e+00	2.797399260434824342e+00
-2.825645259998379899e+00	5.849942946729305149e-01	1.633623523375547393e+00
-1.412460162144674625e+00	3.082001978414977472e+00	-3.245972887038077737e+00
-3.159580386163705068e+00	-1.288621714411020580e+00	-2.372888514598034959e-01
-3.140614245711134789e+00	-1.415352492245925520e+00	1.434303197872344171e-01
2.180199295657942127e+00	1.946302226615518549e+00	-3.896029709635498772e+00
-1.289707295015767086e+00	2.508585367885488360e+00	-2.897946224425148376e+00
-3.137036335699908141e-01	3.335661833795141362e+00	3.281141574583726239e+00
7.329651783497839190e-01	3.335425779711033378e+00	-3.502411471839060209e+00
6.590969760990236237e-01	3.152038046552350092e+00	3.534572466546688219e+00
-3.929205280773744757e+00	-2.509236516267507877e+00	5.299446756112491386e-01
-3.343355395985904366e+00	-2.589858632918708992e-01	1.493354000631326173e+00
3.192412816993192681e+00	-1.107829240772379098e+00	-3.990268217701753439e+00
-3.780107872938782698e+00	-2.624072585072264818e+00	-1.747971899724656275e-01
-3.064309360785546499e+00	-1.190031723418997878e+00	1.672922604477738773e+00
-3.438405208845259242e+00	-1.327829704004694467e+00	1.246683412436313532e-01
-6.535333918609975701e-01	3.540041322597920814e+00	-3.483229894867756471e+00
-2.147799306306612532e+00	1.285290530520936336e+00	-2.417081914472121174e+00
4.581446010345475717e-01	3.503811232279024690e+00	-3.641272263228796824e+00
-3.547362385232794235e+00	-1.430561139532934067e+00	5.655264610998740338e-01
-3.124296544968471423e+00	-2.018435860479794286e+00	-3.331831417700077402e-01
-3.655986516058344460e+00	-3.395396568790900016e+00	-5.320058422416518162e-01
-3.772095360231141115e+00	-2.565478503758018114e+00	-2.680995766517462187e-01
5.383043455381216758e-01	3.459587357335586422e+00	-3.286466731338162361e+00
-3.391432855537227731e+00	-1.149988102124281042e+00	5.156517799355420095e-01
-3.283763139323716107e+00	-2.124572484595773858e+00	-2.960856887759026890e-01
-3.700555762411324334e+00	-2.815593566725164809e+00	9.791846859645332302e-01
-3.208114868483742388e+00	-1.242447735470175285e+00	1.094116960664228699e-01
-6.279654803916385752e-01	3.643587778273488453e+00	-3.172312197857929839e+00
2.374909575344549939e+00	1.595580431162231694e+00	-3.659760274831317606e+00
-3.619469325875086518e+00	-2.452435194485452996e+00	3.238168202405145024e-01
-3.195479987140587674e+00	-3.873974304754894682e-01	1.109627004292407015e+00
-3.281705226920585083e+00	-7.452304949965613545e-01	8.675681395862824274e-01
-2.862329660961270950e+00	5.025341186836760343e-01	1.579287022755289982e+00
-2.815671180168303867e+00	1.893601340188646454e-01	-1.913650328401277800e+00
2.345115252217139457e+00	1.618800030379262456e+00	-3.896881707720762922e+00
-3.539234865438102950e+00	-1.339693233258635985e+00	7.114272675727493223e-01
-3.550474347733793223e+00	-1.869314643459294656e+00	9.971768441504424985e-01
-3.591814072115997902e+00	-1.266161562432813970e+00	1.136303144377564855e+00
-3.192256979355307500e+00	-1.256690875633711624e+00	-8.232472081989028467e-02
-2.853798617086419132e+00	1.574866537866160598e+00	2.458302948602058891e+00
1.035641607623460470e+00	3.521976459062836184e+00	-3.532602078829392589e+00
-3.185273016737050433e+00	-1.044226840437852744e+00	5.386076775370067793e-01
-3.196777015486046647e+00	-1.240512917923235925e+00	-9.733668183720523004e-02
1.670953212789758391e+00	3.052518738319823122e+00	-3.656340451986586970e+00
3.092175851811995724e+00	-4.893275699673207413e-01	-3.978681235647224756e+00
-3.278184787172129799e-01	3.935736551604594347e+00	3.336430285362726345e+00
-3.536812428843172373e+00	-1.690472260854883668e+00	1.070004925242076688e+00
-3.288956828633499807e+00	-3.096177961929557743e+00	7.829993753023334335e-02
-2.501817287573719462e+00	1.623835517258470862e+00	-2.437799232103811331e+00
1.120371660702988548e+00	3.370159154543328039e+00	3.615375157091876623e+00
-2.679704365339074190e+00	1.908419410976131658e+00	2.567662267473913573e+00
-3.395351553055418581e+00	-2.208313168647273450e-01	-2.369660953003152049e+00
-3.687269811090103211e+00	-3.503319645658309334e+00	-8.596167174867552774e-02
-4.488421224984641689e-01	3.598925173616907891e+00	-3.529559582223475989e+00
-1.892672345898826380e+00	2.645250894756286275e+00	-3.112493709486340521e+00
-3.335000709595899782e+00	-1.595026199699497438e+00	1.785829433840953051e+00
-2.964073267992608507e+00	-7.293015784553458225e-01	1.866560720960479536e+00
-3.146428148427293792e+00	-1.386337094895562672e+00	2.188586127455049990e-02
-3.166355002295939691e+00	-1.219060488025501598e+00	-3.488277021828753988e-01
-3.396293920445199621e+00	-1.269233922088708333e+00	2.303065562811905664e-01
3.043324062539729091e+00	-2.956649545890170927e-01	-3.820731519480672134e+00
3.065156882964855889e+00	-4.063234782212035157e-01	-3.973597102977010298e+00
-3.149130022433094478e+00	-2.345829466159737642e+00	1.523983728912119417e-01
2.149978073937929501e+00	1.984301874586792636e+00	-3.612664354681655254e+00
-2.869316147135745787e+00	1.119736671712233900e+00	-2.703755064071120984e+00
1.015069952168000222e+00	2.803795406874858287e+00	-3.557354967839800874e+00
-1.538938610638852067e+00	2.650863567627180561e+00	-2.869211185098337502e+00
8.128884900344125475e-01	3.019670704555188490e+00	-3.569589477399571553e+00
-3.467327053375083956e+00	-6.793853705519601327e-01	1.871216720557663749e+00
-2.972104047049306530e+00	-7.478373811990008946e-01	1.876666311912080332e+00
1.851430335197543353e-01	3.287611329120236014e+00	3.446112062145645361e+00
3.036943258138310675e+00	-1.267348683826859057e+00	3.945089524352723309e+00
2.692539955447543765e+00	3.014109953780370610e-01	3.866432117828296100e+00
-3.849185249681647658e+00	-1.898590195835537564e+00	1.073723755097648613e+00
-2.789465858530472797e+00	-2.235385819707280675e-02	1.644519150996692325e+00
3.458985352467946472e-01	3.012820692329011507e+00	3.470648903970839250e+00
-6.363858427625547209e-01	3.544467670919845048e+00	-3.478917425580446032e+00
-3.455484062642148135e+00	-1.238936996055758133e+00	1.331938558967074471e+00
-3.102258846213569399e+00	-1.400121393116408042e+00	1.596362807304212872e+00
-3.791937888671198742e+00	-2.780294917926060094e+00	1.548296744652173373e-01
-3.299141648967390150e+00	-3.112388015353459991e+00	-3.428093877149596125e-02
-3.673010779011000260e+00	-2.240534164685338503e+00	1.298999258587364203e+00
-2.141538634133343777e+00	1.754190821343815543e+00	2.623809383900977288e+00
-3.906024600333738661e+00	-2.394789410205465430e+00	-4.700201310157270385e-01
-2.221392391353846030e+00	2.261555214877316367e+00	-3.009668462311968273e+00
-3.269754503974468207e+00	-1.945483663206456493e+00	-8.100389371088545509e-01
-3.335130574746623999e+00	-3.104362880081047216e+00	-4.032408173800168250e-01
-3.571946100751020925e+00	-1.387571381063408271e+00	1.695487886930628463e+00
-3.193578885043999449e+00	-9.176674893992347037e-01	7.020183154484627153e-01
4.287604018871094547e-01	3.235693733153044427e+00	3.492481338734918062e+00
-3.532426864983263748e+00	-1.511811228642927940e+00	-8.676947402620083238e-02
-3.695455139034055758e+00	-1.887703185568164743e+00	1.257260141016040222e+00
2.917553476896616704e+00	-1.041366605084459884e+00	3.989996575752798869e+00
3.417945837583890256e+00	-1.935908904912520656e+00	3.948948286170690380e+00
-3.337120831898172657e+00	-3.104227692646460479e+00	-5.032345107924962591e-01
3.324285159374093634e+00	-1.069075755664854910e+00	3.910846785566661765e+00
-3.456544074875813610e+00	-1.355635472746825165e+00	-1.676715789306726379e-01
-3.609024381782401480e+00	-2.379352158025616504e+00	2.708943275921891214e-01
1.189433157023200183e+00	2.960111559705225215e+00	3.635337061559399174e+00
-3.504344138499032812e+00	-1.184698336568448696e+00	8.132602089271125934e-01
3.133947797212969899e+00	-2.502773815029080584e+00	3.996999255584105626e+00
-3.576682568284540231e+00	-3.042633410798700755e+00	9.679234777416798607e-01
2.819667400809401592e+00	4.796237011292503460e-01	-3.763550870576664487e+00
2.097707822603769756e+00	2.083975219703986692e+00	-3.598262111050347656e+00
2.408042952071764109e+00	1.988538369084103863e+00	3.833228006763444107e+00
2.995436269648025895e+00	-6.287944819745971969e-02	-3.981064002544679070e+00
2.960919087851295650e+00	1.296562626036346089e-02	-3.959993358653478346e+00
-3.022795655446839813e+00	-9.804849457798798795e-01	1.759254218084254973e+00
-1.242796310598877296e+00	3.572833148819008819e+00	3.117870366836696938e+00
1.645744412560208314e+00	2.371618191928075881e+00	3.709560998328471193e+00
-2.342571845018274423e+00	2.140112006145412860e+00	-2.164235850045140630e+00
3.712609585216614771e+00	-1.897200893027547464e+00	3.954767062173820236e+00
-3.138961988382025670e+00	-2.083125961846237217e+00	8.188455531849516689e-01
-3.028833596026994091e+00	-9.691105728513536022e-01	1.783156438788974896e+00
2.408834084428575384e+00	1.502689706880921960e+00	-3.696068658577769117e+00
-3.611908730092828090e+00	-3.569149274498701896e+00	2.645071946295756149e-01
-2.963794549112425791e+00	-1.984556182210303055e+00	4.151055342195943965e-01
3.562865119276869663e+00	-1.193131460764637275e+00	3.991114941260174298e+00
-3.022593265799033091e+00	-9.576598644784688474e-01	1.773940762138994209e+00
-3.311604924838220221e+00	-1.271643623174084414e+00	1.938975607246729460e+00
3.536006432272796651e+00	-1.073499760012629700e+00	3.989039949435896126e+00
-2.269048087176308570e+00	1.623616552885465580e+00	-2.493879414367610625e+00
-3.141773470302989146e+00	-2.213895625085125829e+00	-2.328054949897810921e-01
-3.114691714027507441e+00	-1.987916482701712839e+00	-2.799312938727505085e-01
-3.220332714048904421e+00	-2.220239541849204912e+00	1.131154516052320425e+00
2.247417423676152826e+00	1.124544150954230659e+00	3.883142208633335812e+00
-1.759595650035347569e+00	2.878286830452659650e+00	-2.448626990571076689e+00
-3.477955443385212231e+00	-8.089767616223868529e-01	1.895170743279915193e+00
-3.577876583547166867e+00	-1.244716425399268633e+00	1.643314946588698255e+00
-3.554973381903732133e+00	-2.785281697338319873e+00	1.136113912730661646e+00
-3.649082735254893350e+00	-3.560506595117493678e+00	-7.936030232133806095e-02
-2.997294200635737038e+00	-7.247141880164678085e-01	1.107230993414828113e+00
3.403102333632614052e+00	-1.643710781656619657e+00	3.919098749469640097e+00
-2.014337994854698000e+00	2.578681013100680097e+00	-2.339622311420909373e+00
-3.404752528628203656e+00	-1.206554797649774802e+00	3.979051790705740999e-01
3.499089827780124562e+00	-3.260451257456912888e+00	3.987847213634255539e+00
-3.340178312150099860e+00	-6.458418973855057921e-01	1.626080812330186198e+00
-3.410972428132069467e+00	-3.286119761707789522e+00	4.835949435164605958e-01
-3.399615913208701379e+00	-4.727593935894178756e-01	1.411905970969673518e+00
-3.362384286873319805e+00	-3.322124247352681969e+00	7.583495337551049431e-02
-3.234438411437102534e+00	-1.672690353957626108e+00	9.979837985909369991e-01
-3.481322590215142565e+00	-2.160685463793800221e+00	1.531760469764559929e+00
5.150638054362263185e-01	3.559870853334293983e+00	-3.714694403997482741e+00
-3.572791060035163557e+00	-3.266053812877706797e+00	7.426171573072819498e-01
-3.042873469150363164e+00	-9.168601772060207544e-01	9.270612026109388282e-01
1.142380129081696505e-01	3.040780141299731287e+00	3.386206350019245193e+00
-3.597502461910995208e+00	-3.502597127815302080e+00	4.207909086987076108e-01
-3.230026799837237839e+00	2.020182331312851964e-01	1.755100275836520396e+00
-3.089679378064048354e+00	-1.629698308942336693e+00	6.954874007599913810e-01
8.818241949602760865e-01	3.596194413029622172e+00	-3.497541517865258243e+00
4.993136295951469128e-01	3.548092065695239938e+00	-3.201940682414299744e+00
-3.147116526872669962e+00	8.320077642675594021e-02	1.989946016713694199e+00
-3.124018806387167224e+00	-2.038811990763639947e+00	-8.139976468202059223e-02
3.305087709571881138e+00	-1.344442450006948064e+00	3.972547580829940195e+00
-3.081879850171512114e+00	-1.299755187630499353e+00	1.619717513447892721e+00
-3.012053612772456201e+00	5.315230984124075242e-01	2.069247789342089305e+00
-3.870866077642062475e+00	-2.056690818194784054e+00	-8.098365355600689597e-01
2.445072059195018355e+00	1.516254805926326998e+00	-3.639590005195254552e+00
-3.633436438862639228e+00	-1.569613119791713363e+00	1.506685985460013200e+00
-3.154035557864636186e+00	-1.359064357270806322e+00	-6.703706638437445520e-02
1.159322606196704769e-01	3.568467434454384080e+00	-3.419385214850656496e+00
-2.604576105538772612e+00	1.747546603079328964e+00	-1.983654225187614362e+00
2.471962504186962437e-03	3.582642905845815129e+00	-3.387378526108577148e+00
-3.542861975857554135e+00	-1.760697754636041390e+00	1.025726494203586192e+00
9.984289216706091485e-01	3.221732153789564457e+00	-3.575464090840592579e+00
-2.674317982034986940e+00	6.385666958626226020e-01	2.222350169319045499e+00
3.000434246435463859e+00	-9.753756192824192262e-01	3.917358794881420359e+00
2.979309897158272769e+00	3.603014296542954575e-01	3.850231545366729513e+00
9.152301551601986773e-01	2.873654979343510885e+00	-3.537418342246147596e+00
-3.171631367855900940e+00	-1.752255887684929458e+00	1.425836881265801992e+00
3.758035990422322836e+00	-2.401542763000820813e+00	3.968767331021485489e+00
-3.048590522798109159e+00	-2.533502005113228428e-01	1.201266881841544176e+00
-3.606673782873180301e+00	-2.395973161957861031e+00	1.889968658862635209e-01
-1.332304518922635461e+00	3.179973783910800655e+00	-3.289703930630974771e+00
-1.682111173820928895e+00	3.175083895825302704e+00	-2.931018763606570321e+00
-2.034747324341320329e+00	2.855320091905802382e+00	2.853211149787600931e+00
-3.604397544657188313e+00	-2.372577378380602564e+00	-1.185478809743094608e-01
-3.362109422271037040e+00	-2.550208311762744984e-01	1.579648298620029756e+00
-1.575252062271725650e+00	2.957677170242043463e+00	-3.214750504209901827e+00
-3.284419962268541049e+00	-2.053501008000162997e+00	-6.947513064888806156e-01
3.360745089630187810e+00	-3.245757647964639059e+00	-3.915901181943082676e+00
-3.499913675671095348e+00	-7.837539990066071383e-01	1.368233621649793896e+00
-2.898789376987994881e+00	1.203627179286020255e+00	-1.711939645169687552e+00
2.120391395960042336e-01	3.027631508675928895e+00	3.423789523039562965e+00
3.432478144587304492e+00	-1.678079399390095539e+00	3.919092151574235849e+00
3.270846747934567311e+00	-1.551947361333562370e+00	-3.865446221955425088e+00
-2.960147572791036463e+00	-1.890759207377255224e+00	-6.495042210652219872e-01
1.506537184017248565e+00	2.871721391662705791e+00	-3.846658726056919164e+00
3.091471644092369075e+00	-1.588843481700754623e+00	3.955949575649330363e+00
-3.115388596400101129e+00	-1.989110823961151464e+00	-3.909476186817890664e-01
-8.012374319465822570e-01	3.409328282202048754e+00	-3.170657365670230377e+00
-3.765503872667503860e+00	-2.576539517895220399e+00	7.268661923468213715e-01
6.717295893037482368e-02	3.902933590663639318e+00	-3.407984211237791605e+00
-1.439989249747747613e-01	3.598530230167396926e+00	-3.082633204762672552e+00
-3.162885637757925750e+00	-1.272393794394835798e+00	-2.693335267798722121e-01
-3.617493961509619993e+00	-2.495768449417027135e+00	2.061803104083219651e-01
-3.201587129582517122e+00	-1.440341266091632821e+00	1.190242894664084616e+00
-2.739043868905938428e+00	1.580125557135787062e+00	-1.860671615708227922e+00
-3.302364122758986831e+00	-2.309726672550142190e+00	1.665062306259130764e-01
3.632855645404901246e+00	-1.461712069926720314e+00	3.967566886639971813e+00
-2.948033589598881843e+00	2.676733171048990556e-01	1.469102219901913031e+00
-4.176777399242222466e-01	3.045563487143746251e+00	-3.188981043365167078e+00
1.522104894295684963e+00	3.195704849940960379e+00	-3.633050032824904463e+00
-2.383797440842854165e+00	2.050803307724039293e+00	-2.971190051229637419e+00
-6.665364690209630849e-01	3.235524755535500230e+00	3.176438185285874738e+00
3.388371804618371286e+00	-1.871973574785704031e+00	3.987925429009447242e+00
-2.958891181494005096e+00	-2.265187655588252191e-01	1.776202561803843949e+00
-3.112524641175355988e+00	-1.764102281026736163e+00	1.152778826895715980e+00
-3.600352270657758424e+00	-3.525751183953508061e+00	3.675594474080616791e-01
5.820315698790626824e-01	3.021522759494801758e+00	-3.448044926238781116e+00
-3.786520087776592103e+00	-2.721501031899101086e+00	2.264644411865521789e-01
3.319811404767472052e+00	-2.230297147727108076e+00	-3.895333981433351411e+00
3.826967781860324713e+00	-3.826967781860324713e+00	3.997822400359575923e+00
6.077314977774648241e-01	3.006093303501596203e+00	-3.463792127834453893e+00
-3.658054325865365275e+00	-1.641080047623100668e+00	9.025661545716872070e-01
3.438739713160542610e+00	-6.669142090210167240e-01	3.975446233073361313e+00
-3.482463084582289259e+00	-7.888301510688444651e-02	1.925932360701885671e+00
3.608611255398592288e+00	-1.575888240426193576e+00	4.000000000000000000e+00
-1.736321560208964609e-01	3.957295890041639730e+00	3.372262641885609646e+00
-3.092151161590574127e+00	-1.633647337876512173e+00	1.227765818282900767e+00
-3.826200914944064113e+00	-1.667459274969711469e+00	1.222377512109432018e+00
3.163537108829155731e+00	-1.094667876850294874e+00	-3.946301819459712590e+00
-3.143772699092253209e+00	-2.225753189251045150e+00	-1.909737184598014892e-01
3.390798413349493057e+00	-1.788206657558051083e+00	3.964272744071591248e+00
-3.469332085051913594e+00	-2.002844964759307178e+00	1.616459710315437448e+00
-3.679873158836014735e+00	-3.377567120851566074e+00	-4.315802971716626857e-01
-3.061801469398044873e+00	-6.810991407424071831e-01	1.560034905770038449e+00
2.512930827513649490e+00	1.268238577285973445e+00	-3.923156381765948275e+00
-3.298305335969929697e+00	-2.299439899311278346e+00	1.386743184192962275e-01
-4.086896058696458112e-01	3.714844592061298023e+00	-3.213747678934194330e+00
-2.719774588469262788e+00	5.106749717859169202e-01	2.169939122340497129e+00
-3.680830602813175201e+00	-3.512732195572372706e+00	-1.091164715969767940e-01
-1.780087797354700685e+00	2.817815137785566915e+00	-2.465434514285023582e+00
-2.763433195376543416e+00	1.218493771136968107e+00	-2.322864210054776279e+00
-7.056501642748223002e-01	3.775021505080421225e+00	-3.212870813742492615e+00
-3.790753544547599052e+00	-2.793392498402677226e+00	1.331957432204715630e-01
3.828427591104772709e+00	-3.648727428925971683e+00	3.979834089017086463e+00
-3.691721634334296898e+00	-1.872353636984112502e+00	1.283600034643619381e+00
-3.347349402478334568e+00	-3.239529846266879787e-01	1.429125441694252707e+00
-3.152978847669855700e+00	-2.276539943186029369e+00	-2.224606744025376948e-01
-3.413265153977646182e+00	-9.244430919588126905e-01	-1.556813151503615433e+00
-3.768839960855137949e+00	-2.455221433690983446e+00	-1.771266702210665400e-01
-3.552150635081015917e+00	-1.572624685857380022e+00	1.312046114703502298e-02
4.450851387501079115e-01	3.810795464645635011e+00	-3.469601068105268471e+00
-1.835483984311086170e+00	2.715401572146148190e+00	2.804640972381529096e+00
1.754379157595415961e+00	2.571860005144194439e+00	-3.527245826436801401e+00
-3.496095534987165188e+00	-1.427595091098431634e+00	-1.801384776227505924e-01
-1.545038655228386570e+00	2.994296921643802456e+00	-3.225880844747462728e+00
-2.872019749448112780e+00	-1.132467255188849942e+00	-1.311346861367417738e+00
-1.587677862602195455e+00	2.500872334527994845e+00	2.903539598884556483e+00
2.941383958616995642e+00	-1.016975656789052884e+00	3.997043544616705191e+00
-2.991802753169928719e-01	3.557274160766275450e+00	-3.314639262037271994e+00
-3.493338166598443983e+00	-6.754730729342384166e-01	-2.230118405334134302e+00
-3.004454185342209094e+00	2.862667550350472823e-03	1.332359579597869548e+00
-3.095880022122229125e+00	-1.638748559718122388e+00	1.235142311580586849e+00
-2.784473041733431575e+00	1.288134824587854776e+00	-2.763002068497087294e+00
9.423687051381377522e-01	3.212665223185730667e+00	-3.529467177259571820e+00
-3.931781650240715020e+00	-2.577967703859795012e+00	4.142239142906936067e-01
-1.759494224598901813e+00	2.825099140802129760e+00	-2.474073395165029332e+00
-2.882046348923227974e+00	4.154760359682554416e-01	1.554769736335434693e+00
1.409079445236737227e+00	3.419577078934326941e+00	3.621650519065456209e+00
-3.174568679379942360e+00	-1.813284710144937861e+00	1.400378895912752775e+00
2.544747462460420273e+00	7.857666574559738493e-01	3.838133471144243636e+00
3.179746252443016896e+00	-9.787012474336380663e-01	-3.975679732647631859e+00
-3.468956686842775028e+00	-7.700004896415402200e-01	1.914449783876468913e+00
-3.548982709652631407e+00	-1.532764429871566136e+00	1.866374873068652462e-01
-3.785024478205113674e+00	-2.575626244671456178e+00	-2.751045075823661534e-01
-2.415418444111436358e+00	1.195141213805050118e+00	-2.333104301257287183e+00
7.425218090789116598e-02	3.370966453648712946e+00	3.389230511804250945e+00
-1.476337555030020066e-01	3.374129055408836564e+00	3.336557242377956811e+00
-3.518490325680864728e-01	3.874832805743164243e+00	-3.317692576718007214e+00
3.650291510757517899e-01	3.554617064604546961e+00	-3.652323364696772323e+00
-2.866949908837832961e+00	9.193381960431912248e-01	2.196604827680572747e+00
3.056435733465113103e+00	-1.214220029857597805e+00	3.910594301204808332e+00
-2.618419391191733503e+00	-3.798183537219612660e-02	1.853162839651674609e+00
-1.171074017928510846e+00	3.297308526328050160e+00	-3.354046680278409021e+00
-3.622042237177985680e+00	-2.540654345301426975e+00	1.199001828719712393e-01
-3.151151338371014354e+00	-6.572801564331034463e-01	9.191343261692104250e-01
-3.261484024364915690e+00	-2.770589603546759427e+00	6.403500346313810709e-01
3.173252197257404816e+00	-3.356002082137470310e-01	3.887805601881252571e+00
-3.315736862383535044e+00	-1.400578247135841004e+00	1.878956639423619457e+00
-3.485248441701789712e+00	-1.459425154377788303e+00	-1.114687665972476704e+00
-3.445665962243575464e+00	-5.638189946302478717e-01	1.444951710847658610e+00
-1.456195540787567744e+00	3.060015653843740857e+00	-3.237955805768244488e+00
-9.496550435140225233e-01	2.960866472838878050e+00	-3.104447707020808522e+00
3.338133048616508614e+00	-2.628621931679437917e+00	-3.903308130766833361e+00
2.795705497036381271e+00	5.679473954658589285e-01	-3.750262933298820212e+00
-3.296618920374395412e+00	-7.629748056901242137e-02	1.585322074171728879e+00
-3.653055487700114679e+00	-3.580654023133716723e+00	-1.017406306636603475e-02
-7.473786675008350366e-01	3.126225296318643210e+00	3.193842223651121692e+00
-3.566415895983920059e+00	-2.986711543965375526e+00	1.036467221118964055e+00
-3.234934109571168559e+00	-1.787316227820136882e+00	-7.758750929498630100e-01
7.986023201163904295e-01	3.390532320447333881e+00	-3.729910675226679295e+00
-1.624852725003321341e+00	3.247796803640256691e+00	-2.932615677568420232e+00
3.279382889784694388e+00	-1.887083068228046834e+00	-3.906727270606233926e+00
-3.036327734341933482e+00	-1.162387942960824372e+00	1.565463790152842094e+00
-3.273818860698173072e+00	-1.022015681980104951e+00	2.036246114896326453e+00
2.807310559488948698e+00	1.543963434643300658e+00	3.817767799421570629e+00
3.301327779852432975e+00	-1.700301638170520491e+00	-3.993063489045907133e+00
1.081329555878272508e+00	3.196530708898505768e+00	-3.397944929759905364e+00
-3.859964045959094037e+00	-1.925740814508429377e+00	1.062970656696831995e+00
-5.717397321624304585e-01	3.559505289356764024e+00	-2.925726349352631317e+00
1.534342183218153355e-01	3.301412594381264221e+00	3.448861526473995909e+00
3.429658801074626950e+00	-2.248992017694266821e-01	3.885391161594204057e+00
-2.525709849834122167e+00	1.578309083457613227e+00	-2.421228461230782614e+00
-8.344109928812286359e-02	3.703529490160265336e+00	3.351464818510339505e+00
3.582808490487329856e+00	-1.310459665091665116e+00	3.977156075295866344e+00
-3.100454332056094220e+00	7.818255740891419947e-01	-1.510326598179062785e+00
-3.540460937257909446e+00	-1.483255257840507824e+00	3.635018558796092591e-01
1.280721098726279372e+00	2.980847354890178380e+00	-3.591028301883459228e+00
-3.673101056908903761e+00	-3.484726116642370197e+00	-2.875366943018637933e-01
-3.486390120940999982e+00	-1.358597474291555862e+00	-3.932957812599249259e-01
-2.997518072923129218e+00	-3.252032208638677702e-01	-1.783949003527284027e+00
-3.120166651501347310e+00	-1.886077629906036890e+00	1.026009545667608158e+00
-2.084504470980995450e+00	1.938538822637925207e+00	-2.616458437724108688e+00
-3.488492399293418256e+00	-2.244113604616999602e+00	1.483243647251499375e+00
8.009248653448045596e-01	2.998202130225859019e+00	-3.552520552589423453e+00
-2.175459278577970945e+00	2.332458662141210670e+00	-3.039740714547984446e+00
-8.304341762628610901e-01	3.475892106380707780e+00	-2.848609211898716964e+00
-2.637869565653789827e+00	1.720815133726706581e+00	-1.947663383185997521e+00
-3.128509450195924302e+00	-9.385677723733594213e-01	-1.499339394373561341e+00
-3.649754579563638135e+00	-1.618256009977349752e+00	1.469922771897171465e+00
-3.059602550132922705e+00	-1.479506726805425831e+00	8.188507298237794885e-01
1.958601899893949394e+00	2.296371648724699011e+00	-3.882635280157141988e+00
-3.644784148098788812e+00	-1.572473866011606436e+00	9.497639263510162522e-01
5.020268096709872285e-01	3.489764601625608531e+00	-3.665629934949546254e+00
-2.670548246844442808e+00	1.651194884668915286e+00	-1.911155611311488922e+00
-3.609192357130915685e+00	-2.384447389901938053e+00	-1.194279762737413542e-01
-3.512685710843000297e+00	-1.180390583898594858e+00	8.331739515976481769e-01
-3.446059745876641323e+00	-1.353151476074689885e+00	1.385249847525402700e-01
2.543847657159626907e-01	3.101414677775718776e+00	-3.368766129830883749e+00
2.131386641808816318e+00	2.043412850648061330e+00	-3.889125574761424176e+00
-5.953859242897285159e-02	3.606766758140552032e+00	-3.087070210328803466e+00
-3.951549524872173258e-01	3.529767785673562308e+00	-3.287342116201270148e+00
1.197105445327400597e+00	3.123537836402083379e+00	-3.762840963539157979e+00
-3.277949054789578209e+00	-1.100796189573071349e+00	2.009330032481337902e+00
-2.072447345825766174e+00	2.495219067574840466e+00	-3.076372565840416851e+00
2.094884813254991041e-01	3.592773913552751885e+00	-3.639154196751820614e+00
-3.385163971364944846e+00	-3.331983595971697909e+00	1.947559724270542247e-01
3.084145128959767668e+00	-5.053961020941417637e-01	-3.968798888830046057e+00
-1.187963893507737900e+00	3.195344426112495029e+00	-3.049283592684433941e+00
-3.395155619690714666e+00	-1.236179909101545071e+00	3.185886292440214262e-01
-3.217288896686053778e+00	6.765569279261809399e-01	-2.068072111329518847e+00
-2.051385154044837567e+00	2.427498448090678718e+00	2.706881487547257770e+00
-6.809212217930541433e-01	3.804395007940417628e+00	-3.214093088749331528e+00
-3.244986994254166923e+00	2.109407865641061974e-01	-2.489593869531129045e+00
-3.201971397120039864e+00	-1.281243418308847914e+00	1.081625887028359045e-02
-2.932086471670277028e+00	6.596627317133640922e-01	-2.098261088995332813e+00
4.256884008343781584e-02	3.904498679308849418e+00	-3.396583510831153063e+00
-3.637130473631001948e+00	-3.584632052959697113e+00	1.406575795504316773e-02
-3.084295995868171048e+00	-7.811052118800709820e-01	1.591435649113025264e+00
-2.592264310872906652e+00	1.710519791073504159e+00	-2.876415635943936344e+00
-1.003824563249689383e+00	2.992785561814628625e+00	3.123167434531961106e+00
1.213966897252308774e+00	3.088098626013057846e+00	-3.622925490157720585e+00
-3.285514723486101296e+00	-3.023119715307374999e+00	2.930252570565761161e-01
-2.947584968023670982e+00	-1.805308661842736528e+00	6.745487572899637740e-01
-1.699445839593211716e+00	2.000644410241915860e+00	2.708483479274752526e+00
-1.107038886032036540e-01	3.577891572404349851e+00	-3.366827852182990632e+00
3.077003491710369687e+00	-1.732163120061062767e+00	3.970688423727684047e+00
3.623909715275750454e+00	-1.041028527327636510e+00	3.913687583926312996e+00
2.151430982388569113e+00	1.337289237859841329e+00	3.857414063280868888e+00
1.773806258600796881e-01	3.358952302824939284e+00	3.410177859435663095e+00
-3.716721457572765175e+00	-3.270039133482751215e+00	5.396609788094792748e-01
-3.553091460660214640e+00	-2.834662980319988090e+00	1.132156290921364494e+00
-3.586514158505088368e+00	-2.204085434183033598e+00	-4.675563755075211603e-01
-8.916752319436265228e-01	3.424487274919692847e+00	-3.399038283605114508e+00
-3.368896608853459984e+00	-3.329955025242433919e+00	8.864532178323702993e-02
-3.214074868839872146e+00	1.856083540457191816e-01	1.678642483254515483e+00
2.628189852621932165e-01	3.591454690213271128e+00	-3.167295697563429879e+00
-2.978405501962536395e+00	1.538973640976131207e-01	1.407274542605577494e+00
1.632418835555443870e+00	2.971128480026466789e+00	3.713591866429584165e+00
-3.759711378207411414e+00	-2.369096639142581395e+00	-4.897823087178618806e-01
-3.530044611803576426e+00	-1.281520423566765654e+00	7.036094777187811289e-01
-3.109951506923656961e+00	-7.797276407019504418e-02	1.302261508198912843e+00
-3.923627124323423310e+00	-2.526828993675025892e+00	4.033430520134722030e-01
-1.573657353415496951e+00	3.275363805975422427e+00	-2.962381492793050519e+00
2.776609136122219379e+00	6.444611458578681784e-01	-3.957353618927263117e+00
-3.059013258400741009e+00	-1.307064936166479896e-02	1.317103804914395937e+00
5.234202501559293008e-01	3.503053860090957983e+00	-3.682696597020381102e+00
